1 10
100 200
201 210
900 100
6 5
7 2
2 2
2 1
5 5
6 8
65 1
65 3
28 66
53 5
82 74
49 27
31 49
369885 759211
759920 591428
931504 859718
298854 433629
566732 23098
283869 976870
806708 428625
649113 271777
948643 557858
942482 865112
640137 293799
178820 239934
616564 714428
86819 70341
248586 255542
490924 847611
919603 875998
824791 743329
974227 414153
205865 896203
185099 327924
113322 19826
67662 174404
179095 85489
82327 103474
333383 118629
453047 352596
408144 422426
477832 127362
237094 446637
115777 347262
348989 85580
463620 4965
141707 113704
399221 136752
200876 42873
2630 232103
176671 62607
30413 364995
20494 467440
52 96
77 61
50 12
44 94
37 70
54 63
84 99
68 55
66 37
32 44
80 73
95 72
81 5
9 8
6 8
5 7
1 10
1 6
3268 8066
7671 3087
3126 3019
4407 3921
4264 2770
1179 3672
5225 6160
1319 8622
4125 9327
1517 6917
1421 4566
9687 9060
6651 847
8159 5634
9234 8102
3211 8781
1708 7376
6230 3766
7886 7797
9465 7773
4 7
8 9
9 6
2 9
5 9
7 1
2 7
8 2
3 1
